113.345 25.1103 19.6
113.763 25.0589 19.9
114.255 25.0806 20
112.278 24.7322 19.7
112.371 24.8108 19.8
112.073 24.5728 18.8
112.632 24.473 20.5
113.287 24.7844 20.5
113.608 24.6709 20.4
113.523 23.8814 21.2
113.413 24.1906 21.1
114.047 24.9611 19.7
114.113 24.3483 20.6
114.496 24.3683 20.3
114.192 24.056 20.4
114.927 24.4475 19.9
115.871 24.5625 20.8
115.276 24.1142 21
115.716 24.1678 21.2
116.17 24.6453 21.4
116.7 24.3439 21.1
116.069 24.2811 21.3
111.505 23.3917 21.1
111.543 23.2597 21.7
111.777 23.165 21.7
112.19 23.9397 21.2
112.424 23.6371 21.4
112.644 23.3442 21.5
112.475 22.9913 22.4
112.877 23.1969 21.9
113.085 23.711 21.9
113.236 23.4207 22.4
113.616 23.5686 21.8
113.482 23.21 22.3
113.009 23.145 22.4
113.739 22.9664 22.4
114.248 23.7808 21.2
114.73 23.794 21.5
113.827 23.3353 21.8
114.256 23.1786 22.4
114.374 23.071 22.3
115.751 23.911 21.3
115.176 23.629 21
115.849 23.45 21.8
116.174 23.77 21.6
116.699 23.669 22.1
116.986 23.679 21.7
116.131 23.2944 21.7
116.398 23.588 22.1
116.679 23.385 22.1
116.301 22.9824 22.1
116.589 23.2581 22.1
116.836 23.4308 21.7
117.029 23.4275 21.8
110.925 22.3469 22.6
111.6 22.71 22.6
111.787 22.1644 22.5
112.208 22.702 21.8
112.053 22.941 21.4
112.981 22.7372 22
112.652 22.404 22.5
113.035 22.532 22.2
112.231 22.2659 22.4
112.786 22.247 22.2
113.244 22.8478 22.4
113.319 22.9381 22.6
113.405 22.511 22.3
113.297 22.2292 22.6
113.567 22.275 22.7
114.668 23.0261 22.2
114.003 22.5417 22.6
115.313 23.018 22.3
115.361 22.7917 22.4
115.652 22.9653 22.3
110.244 21.4036 23.2
110.859 21.9425 23.1
110.303 21.633 23.3
110.614 21.6472 23.1
110.81 21.4058 23.4
110.302 21.1547 23.2
110.912 21.749 23.4
111.978 21.8453 22.6
110.989 21.5458 23.3
112.773 21.7358 22.9
110.068 20.9619 23.3
110.165 20.2428 23.7